0, -1, 0, 0, 0
0.01, -0.999851, 0.0297631, -0.000119249, -0.0238074
0.02, -0.999406, 0.0592193, -0.000475267, -0.0473505
0.03, -0.998668, 0.0883667, -0.00106531, -0.0706096
0.04, -0.997639, 0.117204, -0.00188645, -0.093565
0.05, -0.996325, 0.145729, -0.00293554, -0.116198
0.06, -0.994726, 0.173942, -0.00420926, -0.138489
0.07, -0.992847, 0.20184, -0.00570412, -0.16042
0.08, -0.99069, 0.229423, -0.00741641, -0.181974
0.09, -0.988259, 0.256689, -0.00934227, -0.203132
0.1, -0.985557, 0.283639, -0.0114777, -0.223877
0.11, -0.982588, 0.31027, -0.0138184, -0.244193
0.12, -0.979353, 0.336584, -0.01636, -0.264064
0.13, -0.975857, 0.362578, -0.0190981, -0.283473
0.14, -0.972103, 0.388252, -0.0220279, -0.302406
0.15, -0.968093, 0.413608, -0.0251446, -0.320848
0.16, -0.963832, 0.438643, -0.0284432, -0.338784
0.17, -0.959321, 0.463359, -0.0319186, -0.356201
0.18, -0.954565, 0.487756, -0.0355654, -0.373086
0.19, -0.949567, 0.511833, -0.0393785, -0.389426
0.2, -0.94433, 0.535591, -0.0433521, -0.405208
0.21, -0.938856, 0.559031, -0.0474807, -0.420423
0.22, -0.93315, 0.582154, -0.0517586, -0.435058
0.23, -0.927214, 0.60496, -0.0561799, -0.449104
0.24, -0.921052, 0.62745, -0.0607387, -0.46255
0.25, -0.914666, 0.649626, -0.0654289, -0.475388
0.26, -0.908061, 0.671488, -0.0702444, -0.487609
0.27, -0.901238, 0.693039, -0.075179, -0.499206
0.28, -0.894201, 0.714279, -0.0802264, -0.51017
0.29, -0.886953, 0.735211, -0.0853803, -0.520496
0.3, -0.879498, 0.755836, -0.0906342, -0.530178
0.31, -0.871837, 0.776157, -0.0959817, -0.539209
0.32, -0.863976, 0.796176, -0.101416, -0.547586
0.33, -0.855915, 0.815894, -0.106931, -0.555305
0.34, -0.847659, 0.835316, -0.11252, -0.562361
0.35, -0.83921, 0.854442, -0.118176, -0.568752
0.36, -0.830571, 0.873277, -0.123893, -0.574476
0.37, -0.821745, 0.891824, -0.129663, -0.579531
0.38, -0.812735, 0.910084, -0.135481, -0.583917
0.39, -0.803544, 0.928063, -0.14134, -0.587632
0.4, -0.794175, 0.945763, -0.147232, -0.590678
0.41, -0.78463, 0.963187, -0.153151, -0.593055
0.42, -0.774912, 0.980341, -0.159091, -0.594765
0.43, -0.765024, 0.997226, -0.165044, -0.595809
0.44, -0.754968, 1.01385, -0.171005, -0.596191
0.45, -0.744748, 1.03021, -0.176966, -0.595914
0.46, -0.734365, 1.04632, -0.182921, -0.594981
0.47, -0.723822, 1.06218, -0.188863, -0.593398
0.48, -0.713122, 1.07779, -0.194786, -0.591168
0.49, -0.702267, 1.09316, -0.200684, -0.588298
0.5, -0.69126, 1.10829, -0.20655, -0.584793
0.51, -0.680102, 1.12319, -0.212378, -0.580661
0.52, -0.668797, 1.13786, -0.218161, -0.575907
0.53, -0.657346, 1.15231, -0.223894, -0.570541
0.54, -0.645752, 1.16654, -0.22957, -0.564569
0.55, -0.634016, 1.18056, -0.235184, -0.558001
0.56, -0.622141, 1.19437, -0.240728, -0.550845
0.57, -0.610129, 1.20798, -0.246199, -0.543111
0.58, -0.597982, 1.22139, -0.251589, -0.534809
0.59, -0.585702, 1.2346, -0.256893, -0.525949
0.6, -0.573291, 1.24763, -0.262106, -0.516542
0.61, -0.56075, 1.26048, -0.267222, -0.506599
0.62, -0.548082, 1.27315, -0.272236, -0.496132
0.63, -0.535288, 1.28564, -0.277143, -0.485151
0.64, -0.522369, 1.29797, -0.281937, -0.47367
0.65, -0.509329, 1.31013, -0.286615, -0.461702
0.66, -0.496167, 1.32214, -0.29117, -0.449258
0.67, -0.482887, 1.33399, -0.295598, -0.436352
0.68, -0.469488, 1.34569, -0.299895, -0.422998
0.69, -0.455973, 1.35725, -0.304057, -0.40921
0.7, -0.442344, 1.36867, -0.308078, -0.395
0.71, -0.4286, 1.37995, -0.311955, -0.380385
0.72, -0.414745, 1.39111, -0.315685, -0.365377
0.73, -0.400779, 1.40213, -0.319262, -0.349993
0.74, -0.386703, 1.41304, -0.322683, -0.334246
0.75, -0.372518, 1.42382, -0.325945, -0.318152
0.76, -0.358227, 1.43449, -0.329045, -0.301727
0.77, -0.343829, 1.44505, -0.331979, -0.284985
0.78, -0.329326, 1.45551, -0.334744, -0.267944
0.79, -0.314719, 1.46586, -0.337337, -0.250617
0.8, -0.300009, 1.47611, -0.339755, -0.233022
0.81, -0.285197, 1.48627, -0.341996, -0.215174
0.82, -0.270284, 1.49633, -0.344058, -0.19709
0.83, -0.255271, 1.50631, -0.345938, -0.178785
0.84, -0.240158, 1.5162, -0.347633, -0.160277
0.85, -0.224947, 1.52601, -0.349142, -0.141582
0.86, -0.209638, 1.53574, -0.350464, -0.122716
0.87, -0.194233, 1.54539, -0.351596, -0.103696
0.88, -0.178731, 1.55496, -0.352538, -0.0845386
0.89, -0.163133, 1.56447, -0.353287, -0.0652606
0.9, -0.147442, 1.57391, -0.353842, -0.0458787
0.91, -0.131656, 1.58328, -0.354204, -0.0264096
0.92, -0.115776, 1.59259, -0.35437, -0.00687016
0.93, -0.0998038, 1.60184, -0.354341, 0.012723
0.94, -0.0837394, 1.61104, -0.354116, 0.0323529
0.95, -0.0675833, 1.62017, -0.353694, 0.052003
0.96, -0.0513361, 1.62925, -0.353076, 0.0716565
0.97, -0.0349984, 1.63829, -0.352261, 0.0912966
0.98, -0.0185706, 1.64727, -0.35125, 0.110907
0.99, -0.00205319, 1.6562, -0.350043, 0.130471
1, 0.0145533, 1.66509, -0.348641, 0.149971
1.01, 0.0312485, 1.67394, -0.347044, 0.169392
1.02, 0.048032, 1.68275, -0.345253, 0.188718
1.03, 0.0649034, 1.69152, -0.34327, 0.207931
1.04, 0.0818622, 1.70025, -0.341095, 0.227016
1.05, 0.0989082, 1.70895, -0.33873, 0.245956
1.06, 0.116041, 1.71761, -0.336176, 0.264737
1.07, 0.13326, 1.72624, -0.333436, 0.283341
1.08, 0.150566, 1.73485, -0.33051, 0.301754
1.09, 0.167957, 1.74343, -0.327401, 0.319959
1.1, 0.185434, 1.75198, -0.324112, 0.337942
1.11, 0.202997, 1.76051, -0.320643, 0.355687
1.12, 0.220644, 1.76902, -0.316999, 0.373179
1.13, 0.238377, 1.77751, -0.313181, 0.390405
1.14, 0.256194, 1.78598, -0.309192, 0.407348
1.15, 0.274097, 1.79443, -0.305035, 0.423995
1.16, 0.292083, 1.80287, -0.300713, 0.440332
1.17, 0.310154, 1.8113, -0.296229, 0.456344
1.18, 0.328309, 1.81972, -0.291587, 0.472019
1.19, 0.346548, 1.82813, -0.28679, 0.487343
1.2, 0.364871, 1.83653, -0.281841, 0.502303
1.21, 0.383279, 1.84492, -0.276745, 0.516886
1.22, 0.40177, 1.85332, -0.271505, 0.53108
1.23, 0.420345, 1.86171, -0.266125, 0.544872
1.24, 0.439004, 1.87009, -0.260609, 0.558252
1.25, 0.457747, 1.87849, -0.254961, 0.571207
1.26, 0.476574, 1.88688, -0.249186, 0.583727
1.27, 0.495485, 1.89527, -0.243288, 0.5958
1.28, 0.514479, 1.90368, -0.237272, 0.607417
1.29, 0.533558, 1.91208, -0.231141, 0.618568
1.3, 0.552721, 1.9205, -0.224902, 0.629243
1.31, 0.571968, 1.92892, -0.218558, 0.639433
1.32, 0.5913, 1.93736, -0.212115, 0.64913
1.33, 0.610715, 1.9458, -0.205577, 0.658324
1.34, 0.630216, 1.95426, -0.19895, 0.66701
1.35, 0.649801, 1.96273, -0.192239, 0.675178
1.36, 0.66947, 1.97121, -0.185448, 0.682823
1.37, 0.689225, 1.97971, -0.178584, 0.689937
1.38, 0.709065, 1.98822, -0.171651, 0.696516
1.39, 0.728989, 1.99675, -0.164656, 0.702554
1.4, 0.749, 2.00529, -0.157602, 0.708045
1.41, 0.769095, 2.01384, -0.150497, 0.712986
1.42, 0.789277, 2.02241, -0.143344, 0.717373
1.43, 0.809544, 2.03099, -0.136151, 0.721202
1.44, 0.829896, 2.03959, -0.128922, 0.72447
1.45, 0.850335, 2.0482, -0.121663, 0.727176
1.46, 0.870861, 2.05683, -0.11438, 0.729317
1.47, 0.891472, 2.06546, -0.107079, 0.730893
1.48, 0.91217, 2.07411, -0.0997645, 0.731902
1.49, 0.932954, 2.08276, -0.0924428, 0.732345
1.5, 0.953825, 2.09143, -0.0851195, 0.732222
1.51, 0.974783, 2.1001, -0.0778002, 0.731534
1.52, 0.995827, 2.10878, -0.0704907, 0.730283
1.53, 1.01696, 2.11745, -0.0631964, 0.72847
1.54, 1.03818, 2.12614, -0.0559231, 0.726098
1.55, 1.05948, 2.13482, -0.0486763, 0.72317
1.56, 1.08087, 2.1435, -0.0414616, 0.71969
1.57, 1.10235, 2.15217, -0.0342844, 0.715662
1.58, 1.12392, 2.16084, -0.0271501, 0.711091
1.59, 1.14557, 2.16949, -0.0200643, 0.705982
1.6, 1.16731, 2.17814, -0.0130323, 0.70034
1.61, 1.18913, 2.18676, -0.00605927, 0.694172
1.62, 1.21104, 2.19537, 0.000849447, 0.687485
1.63, 1.23304, 2.20396, 0.00768872, 0.680285
1.64, 1.25512, 2.21252, 0.0144535, 0.672581
1.65, 1.27729, 2.22106, 0.0211387, 0.66438
1.66, 1.29954, 2.22956, 0.0277395, 0.655691
1.67, 1.32188, 2.23803, 0.0342509, 0.646523
1.68, 1.3443, 2.24647, 0.0406683, 0.636886
1.69, 1.36681, 2.25486, 0.0469871, 0.626788
1.7, 1.3894, 2.2632, 0.0532026, 0.616241
1.71, 1.41207, 2.2715, 0.0593105, 0.605256
1.72, 1.43483, 2.27974, 0.0653063, 0.593842
1.73, 1.45767, 2.28793, 0.0711859, 0.582012
1.74, 1.48059, 2.29606, 0.0769452, 0.569777
1.75, 1.50359, 2.30413, 0.0825802, 0.55715
1.76, 1.52667, 2.31213, 0.0880869, 0.544142
1.77, 1.54983, 2.32007, 0.0934618, 0.530766
1.78, 1.57307, 2.32792, 0.0987011, 0.517036
1.79, 1.59639, 2.3357, 0.103801, 0.502964
1.8, 1.61978, 2.34341, 0.108759, 0.488565
1.81, 1.64326, 2.35102, 0.113572, 0.473851
1.82, 1.6668, 2.35855, 0.118235, 0.458837
1.83, 1.69043, 2.36599, 0.122747, 0.443538
1.84, 1.71412, 2.37333, 0.127105, 0.427966
1.85, 1.73789, 2.38058, 0.131306, 0.412138
1.86, 1.76174, 2.38773, 0.135347, 0.396067
1.87, 1.78565, 2.39477, 0.139226, 0.379769
1.88, 1.80963, 2.40171, 0.142942, 0.363259
1.89, 1.83368, 2.40854, 0.146491, 0.346552
1.9, 1.8578, 2.41525, 0.149872, 0.329663
1.91, 1.88199, 2.42185, 0.153084, 0.312607
1.92, 1.90624, 2.42833, 0.156124, 0.2954
1.93, 1.93055, 2.4347, 0.158991, 0.278058
1.94, 1.95493, 2.44093, 0.161685, 0.260596
1.95, 1.97937, 2.44705, 0.164203, 0.243029
1.96, 2.00387, 2.45303, 0.166545, 0.225374
1.97, 2.02843, 2.45889, 0.16871, 0.207646
1.98, 2.05305, 2.46461, 0.170698, 0.18986
1.99, 2.07772, 2.4702, 0.172507, 0.172033
2, 2.10245, 2.47566, 0.174138, 0.154179
2.01, 2.12724, 2.48097, 0.175591, 0.136315
2.02, 2.15207, 2.48615, 0.176864, 0.118455
2.03, 2.17696, 2.49118, 0.17796, 0.100616
2.04, 2.20189, 2.49607, 0.178877, 0.082812
2.05, 2.22688, 2.50082, 0.179616, 0.0650591
2.06, 2.25191, 2.50542, 0.180178, 0.0473721
2.07, 2.27699, 2.50987, 0.180564, 0.0297662
2.08, 2.30211, 2.51417, 0.180774, 0.0122561
2.09, 2.32727, 2.51832, 0.180809, -0.00514317
2.1, 2.35247, 2.52232, 0.180672, -0.0224172
2.11, 2.37772, 2.52617, 0.180362, -0.0395514
2.12, 2.403, 2.52986, 0.179881, -0.0565315
2.13, 2.42831, 2.5334, 0.179231, -0.0733434
2.14, 2.45366, 2.53679, 0.178415, -0.0899732
2.15, 2.47905, 2.54001, 0.177433, -0.106407
2.16, 2.50446, 2.54308, 0.176287, -0.122632
2.17, 2.52991, 2.54599, 0.174981, -0.138634
2.18, 2.55538, 2.54874, 0.173515, -0.1544
2.19, 2.58088, 2.55134, 0.171894, -0.169918
2.2, 2.60641, 2.55377, 0.170118, -0.185175
2.21, 2.63196, 2.55604, 0.168191, -0.200158
2.22, 2.65753, 2.55815, 0.166116, -0.214856
2.23, 2.68312, 2.5601, 0.163895, -0.229258
2.24, 2.70873, 2.56189, 0.161532, -0.24335
2.25, 2.73436, 2.56352, 0.159029, -0.257123
2.26, 2.76, 2.56499, 0.15639, -0.270565
2.27, 2.78566, 2.56629, 0.153619, -0.283666
2.28, 2.81133, 2.56743, 0.150718, -0.296416
2.29, 2.837, 2.56841, 0.147692, -0.308805
2.3, 2.86269, 2.56922, 0.144543, -0.320823
2.31, 2.88839, 2.56988, 0.141276, -0.332461
2.32, 2.91409, 2.57037, 0.137895, -0.34371
2.33, 2.9398, 2.5707, 0.134404, -0.354563
2.34, 2.9655, 2.57087, 0.130805, -0.36501
2.35, 2.99121, 2.57088, 0.127105, -0.375044
2.36, 3.01692, 2.57073, 0.123306, -0.384658
2.37, 3.04263, 2.57042, 0.119413, -0.393844
2.38, 3.06833, 2.56995, 0.11543, -0.402597
2.39, 3.09403, 2.56933, 0.111363, -0.41091
2.4, 3.11971, 2.56854, 0.107214, -0.418777
2.41, 3.1454, 2.5676, 0.102989, -0.426193
2.42, 3.17107, 2.5665, 0.0986914, -0.433154
2.43, 3.19673, 2.56525, 0.094327, -0.439654
2.44, 3.22237, 2.56385, 0.0898999, -0.445689
2.45, 3.248, 2.56229, 0.0854148, -0.451257
2.46, 3.27362, 2.56058, 0.0808763, -0.456353
2.47, 3.29921, 2.55873, 0.0762893, -0.460975
2.48, 3.32479, 2.55672, 0.0716584, -0.465121
2.49, 3.35035, 2.55457, 0.0669885, -0.468788
2.5, 3.37588, 2.55228, 0.0622842, -0.471976
2.51, 3.40139, 2.54984, 0.0575505, -0.474683
2.52, 3.42688, 2.54726, 0.0527922, -0.476909
2.53, 3.45234, 2.54454, 0.048014, -0.478654
2.54, 3.47777, 2.54169, 0.0432207, -0.479917
2.55, 3.50317, 2.5387, 0.0384172, -0.4807
2.56, 3.52854, 2.53558, 0.0336083, -0.481003
2.57, 3.55388, 2.53233, 0.0287987, -0.480829
2.58, 3.57919, 2.52895, 0.0239933, -0.48018
2.59, 3.60446, 2.52545, 0.0191967, -0.479057
2.6, 3.6297, 2.52183, 0.0144137, -0.477465
2.61, 3.6549, 2.51808, 0.00964899, -0.475405
2.62, 3.68006, 2.51422, 0.00490718, -0.472882
2.63, 3.70518, 2.51025, 0.000192886, -0.4699
2.64, 3.73026, 2.50616, -0.00448931, -0.466464
2.65, 3.7553, 2.50197, -0.00913489, -0.462578
2.66, 3.7803, 2.49767, -0.0137394, -0.458248
2.67, 3.80526, 2.49327, -0.0182984, -0.453479
2.68, 3.83017, 2.48876, -0.0228075, -0.448279
2.69, 3.85503, 2.48417, -0.0272625, -0.442652
2.7, 3.87985, 2.47948, -0.0316592, -0.436607
2.71, 3.90462, 2.4747, -0.0359933, -0.43015
2.72, 3.92934, 2.46984, -0.0402608, -0.423288
2.73, 3.95402, 2.46489, -0.0444577, -0.41603
2.74, 3.97864, 2.45987, -0.0485801, -0.408385
2.75, 4.00321, 2.45476, -0.0526242, -0.40036
2.76, 4.02774, 2.44959, -0.0565861, -0.391964
2.77, 4.05221, 2.44435, -0.0604622, -0.383207
2.78, 4.07662, 2.43904, -0.0642491, -0.374098
2.79, 4.10099, 2.43367, -0.0679431, -0.364646
2.8, 4.1253, 2.42824, -0.0715409, -0.354863
2.81, 4.14955, 2.42275, -0.0750392, -0.344758
2.82, 4.17375, 2.41722, -0.078435, -0.334341
2.83, 4.19789, 2.41163, -0.0817251, -0.323624
2.84, 4.22198, 2.406, -0.0849065, -0.312617
2.85, 4.24601, 2.40033, -0.0879765, -0.301332
2.86, 4.26999, 2.39462, -0.0909323, -0.28978
2.87, 4.29391, 2.38887, -0.0937712, -0.277973
2.88, 4.31777, 2.3831, -0.0964909, -0.265923
2.89, 4.34157, 2.37729, -0.0990889, -0.253641
2.9, 4.36531, 2.37146, -0.101563, -0.24114
2.91, 4.389, 2.36561, -0.103911, -0.228432
2.92, 4.41262, 2.35973, -0.106131, -0.215529
2.93, 4.43619, 2.35385, -0.108221, -0.202444
2.94, 4.4597, 2.34795, -0.110179, -0.18919
2.95, 4.48315, 2.34203, -0.112004, -0.17578
2.96, 4.50654, 2.33612, -0.113694, -0.162225
2.97, 4.52987, 2.33019, -0.115248, -0.14854
2.98, 4.55315, 2.32427, -0.116665, -0.134737
2.99, 4.57636, 2.31835, -0.117943, -0.12083
3, 4.59951, 2.31243, -0.119081, -0.106831
3.01, 4.62261, 2.30652, -0.120079, -0.0927535
3.02, 4.64564, 2.30062, -0.120936, -0.0786108
3.03, 4.66862, 2.29473, -0.121651, -0.0644159
3.04, 4.69154, 2.28886, -0.122224, -0.0501821
3.05, 4.7144, 2.283, -0.122655, -0.0359225
3.06, 4.7372, 2.27717, -0.122943, -0.0216503
3.07, 4.75994, 2.27135, -0.123088, -0.0073785
3.08, 4.78263, 2.26556, -0.12309, 0.00687982
3.09, 4.80525, 2.2598, -0.12295, 0.0211117
3.1, 4.82782, 2.25406, -0.122668, 0.0353041
3.11, 4.85033, 2.24835, -0.122244, 0.0494444
3.12, 4.87279, 2.24268, -0.121679, 0.0635196
3.13, 4.89519, 2.23704, -0.120974, 0.0775172
3.14, 4.91753, 2.23144, -0.120129, 0.0914247
3.15, 4.93982, 2.22588, -0.119146, 0.10523
3.16, 4.96205, 2.22035, -0.118025, 0.11892
3.17, 4.98422, 2.21487, -0.116768, 0.132483
3.18, 5.00634, 2.20943, -0.115376, 0.145907
3.19, 5.02841, 2.20404, -0.11385, 0.15918
3.2, 5.05043, 2.19869, -0.112193, 0.17229
3.21, 5.07239, 2.1934, -0.110405, 0.185227
3.22, 5.09429, 2.18815, -0.108489, 0.197978
3.23, 5.11615, 2.18295, -0.106446, 0.210534
3.24, 5.13795, 2.17781, -0.104279, 0.222881
3.25, 5.15971, 2.17272, -0.101989, 0.235011
3.26, 5.18141, 2.16768, -0.0995796, 0.246913
3.27, 5.20306, 2.1627, -0.0970519, 0.258576
3.28, 5.22466, 2.15778, -0.0944089, 0.269991
3.29, 5.24622, 2.15291, -0.091653, 0.281148
3.3, 5.26772, 2.14811, -0.0887868, 0.292037
3.31, 5.28918, 2.14336, -0.0858131, 0.30265
3.32, 5.31059, 2.13868, -0.0827348, 0.312977
3.33, 5.33195, 2.13405, -0.0795546, 0.323009
3.34, 5.35327, 2.12949, -0.0762756, 0.33274
3.35, 5.37454, 2.12499, -0.0729008, 0.342159
3.36, 5.39577, 2.12055, -0.0694335, 0.351261
3.37, 5.41695, 2.11618, -0.0658767, 0.360037
3.38, 5.43809, 2.11187, -0.0622338, 0.368481
3.39, 5.45919, 2.10763, -0.0585082, 0.376585
3.4, 5.48025, 2.10345, -0.0547033, 0.384343
3.41, 5.50126, 2.09933, -0.0508225, 0.39175
3.42, 5.52223, 2.09528, -0.0468695, 0.398799
3.43, 5.54317, 2.09129, -0.0428478, 0.405485
3.44, 5.56406, 2.08737, -0.038761, 0.411803
3.45, 5.58491, 2.08351, -0.0346129, 0.417748
3.46, 5.60573, 2.07972, -0.0304073, 0.423317
3.47, 5.62651, 2.07599, -0.0261479, 0.428504
3.48, 5.64725, 2.07232, -0.0218385, 0.433308
3.49, 5.66795, 2.06872, -0.017483, 0.437723
3.5, 5.68862, 2.06518, -0.0130853, 0.441748
3.51, 5.70926, 2.06169, -0.00864938, 0.44538
3.52, 5.72986, 2.05827, -0.00417907, 0.448616
3.53, 5.75042, 2.05491, 0.000321624, 0.451456
3.54, 5.77096, 2.05161, 0.00484872, 0.453897
3.55, 5.79146, 2.04836, 0.00939824, 0.45594
3.56, 5.81192, 2.04517, 0.0139662, 0.457582
3.57, 5.83236, 2.04204, 0.0185485, 0.458824
3.58, 5.85276, 2.03896, 0.0231413, 0.459666
3.59, 5.87314, 2.03593, 0.0277405, 0.460109
3.6, 5.89348, 2.03295, 0.0323422, 0.460153
3.61, 5.9138, 2.03003, 0.0369423, 0.4598
3.62, 5.93408, 2.02715, 0.0415369, 0.45905
3.63, 5.95434, 2.02431, 0.046122, 0.457907
3.64, 5.97457, 2.02152, 0.0506937, 0.456373
3.65, 5.99477, 2.01878, 0.0552481, 0.454449
3.66, 6.01495, 2.01607, 0.0597814, 0.452139
3.67, 6.03509, 2.01341, 0.0642896, 0.449447
3.68, 6.05521, 2.01078, 0.0687691, 0.446376
3.69, 6.07531, 2.00818, 0.0732159, 0.44293
3.7, 6.09538, 2.00562, 0.0776264, 0.439114
3.71, 6.11542, 2.00309, 0.081997, 0.434932
3.72, 6.13544, 2.00058, 0.0863239, 0.430389
3.73, 6.15543, 1.99811, 0.0906036, 0.42549
3.74, 6.1754, 1.99565, 0.0948325, 0.420241
3.75, 6.19535, 1.99322, 0.0990072, 0.414649
3.76, 6.21527, 1.99081, 0.103124, 0.408718
3.77, 6.23516, 1.98842, 0.10718, 0.402456
3.78, 6.25503, 1.98604, 0.111172, 0.395869
3.79, 6.27488, 1.98367, 0.115097, 0.388964
3.8, 6.29471, 1.98131, 0.118951, 0.381749
3.81, 6.31451, 1.97896, 0.122731, 0.374231
3.82, 6.33429, 1.97662, 0.126434, 0.366417
3.83, 6.35404, 1.97428, 0.130058, 0.358317
3.84, 6.37377, 1.97194, 0.1336, 0.349937
3.85, 6.39348, 1.96959, 0.137056, 0.341286
3.86, 6.41316, 1.96725, 0.140425, 0.332373
3.87, 6.43283, 1.96489, 0.143703, 0.323207
3.88, 6.45246, 1.96253, 0.146888, 0.313796
3.89, 6.47208, 1.96016, 0.149978, 0.30415
3.9, 6.49167, 1.95777, 0.15297, 0.294278
3.91, 6.51123, 1.95537, 0.155863, 0.28419
3.92, 6.53077, 1.95295, 0.158653, 0.273895
3.93, 6.55029, 1.95051, 0.16134, 0.263403
3.94, 6.56978, 1.94805, 0.163921, 0.252723
3.95, 6.58925, 1.94556, 0.166394, 0.241867
3.96, 6.60869, 1.94305, 0.168757, 0.230844
3.97, 6.62811, 1.9405, 0.17101, 0.219663
3.98, 6.6475, 1.93793, 0.17315, 0.208337
3.99, 6.66687, 1.93532, 0.175176, 0.196874
4, 6.68621, 1.93268, 0.177087, 0.185285
4.01, 6.70552, 1.93001, 0.178882, 0.173582
4.02, 6.72481, 1.92729, 0.180559, 0.161774
4.03, 6.74407, 1.92454, 0.182117, 0.149872
4.04, 6.7633, 1.92174, 0.183556, 0.137887
4.05, 6.7825, 1.9189, 0.184874, 0.125829
4.06, 6.80168, 1.91601, 0.186072, 0.11371
4.07, 6.82082, 1.91308, 0.187148, 0.10154
4.08, 6.83994, 1.9101, 0.188103, 0.0893295
4.09, 6.85903, 1.90707, 0.188935, 0.0770895
4.1, 6.87808, 1.90398, 0.189644, 0.0648306
4.11, 6.89711, 1.90085, 0.190231, 0.0525636
4.12, 6.9161, 1.89766, 0.190696, 0.040299
4.13, 6.93506, 1.89441, 0.191037, 0.0280476
4.14, 6.95399, 1.89111, 0.191257, 0.0158199
4.15, 6.97288, 1.88775, 0.191354, 0.00362632
4.16, 6.99174, 1.88433, 0.191329, -0.00852261
4.17, 7.01057, 1.88085, 0.191184, -0.0206166
4.18, 7.02936, 1.87731, 0.190917, -0.0326452
4.19, 7.04811, 1.8737, 0.190531, -0.0445984
4.2, 7.06683, 1.87004, 0.190026, -0.0564661
4.21, 7.08551, 1.8663, 0.189402, -0.0682382
4.22, 7.10416, 1.8625, 0.188661, -0.0799048
4.23, 7.12276, 1.85864, 0.187804, -0.0914562
4.24, 7.14133, 1.85471, 0.186833, -0.102883
4.25, 7.15986, 1.85071, 0.185747, -0.114175
4.26, 7.17834, 1.84664, 0.18455, -0.125324
4.27, 7.19679, 1.8425, 0.183241, -0.13632
4.28, 7.21519, 1.8383, 0.181824, -0.147153
4.29, 7.23356, 1.83402, 0.180299, -0.157816
4.3, 7.25187, 1.82967, 0.178668, -0.1683
4.31, 7.27015, 1.82525, 0.176933, -0.178595
4.32, 7.28838, 1.82076, 0.175097, -0.188695
4.33, 7.30656, 1.81619, 0.17316, -0.198589
4.34, 7.3247, 1.81155, 0.171126, -0.208271
4.35, 7.3428, 1.80684, 0.168995, -0.217733
4.36, 7.36084, 1.80206, 0.166772, -0.226967
4.37, 7.37884, 1.7972, 0.164457, -0.235965
4.38, 7.39678, 1.79227, 0.162053, -0.244722
4.39, 7.41468, 1.78726, 0.159563, -0.253229
4.4, 7.43253, 1.78218, 0.156989, -0.261481
4.41, 7.45032, 1.77703, 0.154335, -0.26947
4.42, 7.46807, 1.7718, 0.151601, -0.277191
4.43, 7.48576, 1.7665, 0.148792, -0.284638
4.44, 7.5034, 1.76113, 0.145909, -0.291805
4.45, 7.52098, 1.75568, 0.142956, -0.298686
4.46, 7.53851, 1.75016, 0.139936, -0.305277
4.47, 7.55599, 1.74456, 0.136852, -0.311572
4.48, 7.5734, 1.7389, 0.133706, -0.317568
4.49, 7.59076, 1.73316, 0.130502, -0.323259
4.5, 7.60807, 1.72735, 0.127242, -0.328642
4.51, 7.62531, 1.72146, 0.12393, -0.333713
4.52, 7.64249, 1.71551, 0.120569, -0.338468
4.53, 7.65962, 1.70949, 0.117161, -0.342905
4.54, 7.67668, 1.7034, 0.113712, -0.347019
4.55, 7.69369, 1.69724, 0.110222, -0.35081
4.56, 7.71063, 1.69101, 0.106696, -0.354274
4.57, 7.72751, 1.68471, 0.103138, -0.357409
4.58, 7.74432, 1.67835, 0.0995494, -0.360214
4.59, 7.76107, 1.67192, 0.0959346, -0.362687
4.6, 7.77776, 1.66543, 0.0922967, -0.364828
4.61, 7.79438, 1.65888, 0.0886391, -0.366635
4.62, 7.81094, 1.65227, 0.0849652, -0.368107
4.63, 7.82743, 1.64559, 0.0812781, -0.369245
4.64, 7.84385, 1.63886, 0.0775814, -0.37005
4.65, 7.86021, 1.63207, 0.0738782, -0.37052
4.66, 7.87649, 1.62522, 0.0701721, -0.370657
4.67, 7.89271, 1.61832, 0.0664662, -0.370462
4.68, 7.90886, 1.61136, 0.062764, -0.369936
4.69, 7.92494, 1.60436, 0.0590686, -0.369081
4.7, 7.94094, 1.5973, 0.0553834, -0.367898
4.71, 7.95688, 1.59019, 0.0517117, -0.36639
4.72, 7.97275, 1.58304, 0.0480567, -0.36456
4.73, 7.98854, 1.57584, 0.0444216, -0.36241
4.74, 8.00427, 1.5686, 0.0408096, -0.359942
4.75, 8.01991, 1.56132, 0.0372238, -0.357162
4.76, 8.03549, 1.554, 0.0336674, -0.354071
4.77, 8.05099, 1.54664, 0.0301434, -0.350674
4.78, 8.06642, 1.53924, 0.0266549, -0.346975
4.79, 8.08178, 1.53181, 0.0232049, -0.342979
4.8, 8.09706, 1.52435, 0.0197963, -0.33869
4.81, 8.11227, 1.51686, 0.016432, -0.334113
4.82, 8.1274, 1.50934, 0.013115, -0.329253
4.83, 8.14245, 1.5018, 0.0098479, -0.324115
4.84, 8.15743, 1.49423, 0.00663356, -0.318706
4.85, 8.17234, 1.48665, 0.00347466, -0.313031
4.86, 8.18717, 1.47904, 0.000373804, -0.307096
4.87, 8.20192, 1.47142, -0.00266643, -0.300908
4.88, 8.21659, 1.46378, -0.00564354, -0.294473
4.89, 8.23119, 1.45613, -0.00855509, -0.287797
4.9, 8.24572, 1.44847, -0.0113987, -0.280889
4.91, 8.26016, 1.4408, -0.0141721, -0.273754
4.92, 8.27453, 1.43313, -0.016873, -0.2664
4.93, 8.28883, 1.42545, -0.0194994, -0.258834
4.94, 8.30304, 1.41778, -0.0220491, -0.251065
4.95, 8.31718, 1.4101, -0.02452, -0.2431
4.96, 8.33124, 1.40242, -0.0269104, -0.234946
4.97, 8.34523, 1.39475, -0.0292184, -0.226613
4.98, 8.35914, 1.38709, -0.0314421, -0.218108
4.99, 8.37297, 1.37944, -0.03358, -0.20944
5, 8.38673, 1.3718, -0.0356304, -0.200616
5.01, 8.40041, 1.36417, -0.0375918, -0.191647
5.02, 8.41401, 1.35656, -0.0394629, -0.182539
5.03, 8.42754, 1.34897, -0.0412422, -0.173303
5.04, 8.44099, 1.3414, -0.0429285, -0.163947
5.05, 8.45437, 1.33385, -0.0445207, -0.154479
5.06, 8.46767, 1.32632, -0.0460178, -0.14491
5.07, 8.48089, 1.31882, -0.0474186, -0.135247
5.08, 8.49404, 1.31135, -0.0487224, -0.125501
5.09, 8.50712, 1.30391, -0.0499284, -0.11568
5.1, 8.52012, 1.2965, -0.0510358, -0.105794
5.11, 8.53305, 1.28912, -0.0520441, -0.0958508
5.12, 8.54591, 1.28178, -0.0529527, -0.0858609
5.13, 8.55869, 1.27447, -0.0537612, -0.0758333
5.14, 8.57139, 1.26721, -0.0544693, -0.0657771
5.15, 8.58403, 1.25998, -0.0550767, -0.0557016
5.16, 8.59659, 1.2528, -0.0555833, -0.0456162
5.17, 8.60909, 1.24566, -0.055989, -0.0355298
5.18, 8.62151, 1.23857, -0.0562939, -0.0254519
5.19, 8.63386, 1.23152, -0.0564981, -0.0153914
5.2, 8.64614, 1.22452, -0.0566018, -0.00535747
5.21, 8.65835, 1.21757, -0.0566053, 0.00464083
5.22, 8.67049, 1.21068, -0.0565091, 0.0145946
5.23, 8.68256, 1.20383, -0.0563136, 0.0244948
5.24, 8.69457, 1.19704, -0.0560194, 0.0343328
5.25, 8.7065, 1.1903, -0.0556272, 0.0440997
5.26, 8.71837, 1.18363, -0.0551377, 0.053787
5.27, 8.73018, 1.177, -0.0545518, 0.063386
5.28, 8.74191, 1.17044, -0.0538703, 0.0728884
5.29, 8.75359, 1.16393, -0.0530943, 0.0822859
5.3, 8.76519, 1.15749, -0.052225, 0.0915703
5.31, 8.77674, 1.15111, -0.0512633, 0.100733
5.32, 8.78822, 1.14479, -0.0502107, 0.109768
5.33, 8.79963, 1.13853, -0.0490685, 0.118665
5.34, 8.81099, 1.13234, -0.0478379, 0.127418
5.35, 8.82228, 1.12621, -0.0465206, 0.136018
5.36, 8.83351, 1.12015, -0.0451181, 0.14446
5.37, 8.84468, 1.11415, -0.043632, 0.152735
5.38, 8.85579, 1.10823, -0.042064, 0.160836
5.39, 8.86685, 1.10236, -0.0404158, 0.168758
5.4, 8.87784, 1.09657, -0.0386894, 0.176493
5.41, 8.88878, 1.09084, -0.0368866, 0.184035
5.42, 8.89966, 1.08519, -0.0350094, 0.191377
5.43, 8.91048, 1.0796, -0.0330598, 0.198514
5.44, 8.92125, 1.07408, -0.0310398, 0.20544
5.45, 8.93196, 1.06863, -0.0289517, 0.212149
5.46, 8.94262, 1.06325, -0.0267976, 0.218636
5.47, 8.95323, 1.05794, -0.0245797, 0.224896
5.48, 8.96378, 1.0527, -0.0223005, 0.230923
5.49, 8.97428, 1.04753, -0.0199621, 0.236714
5.5, 8.98473, 1.04243, -0.017567, 0.242264
5.51, 8.99513, 1.0374, -0.0151176, 0.247567
5.52, 9.00548, 1.03244, -0.0126165, 0.252622
5.53, 9.01578, 1.02755, -0.010066, 0.257423
5.54, 9.02603, 1.02273, -0.00746885, 0.261967
5.55, 9.03624, 1.01798, -0.00482754, 0.266252
5.56, 9.04639, 1.01329, -0.0021447, 0.270273
5.57, 9.0565, 1.00867, 0.00057703, 0.274028
5.58, 9.06657, 1.00412, 0.00333497, 0.277515
5.59, 9.07659, 0.999641, 0.00612644, 0.280732
5.6, 9.08656, 0.995224, 0.00894871, 0.283676
5.61, 9.09649, 0.990872, 0.011799, 0.286346
5.62, 9.10638, 0.986586, 0.0146747, 0.28874
5.63, 9.11622, 0.982364, 0.0175729, 0.290857
5.64, 9.12602, 0.978204, 0.0204909, 0.292696
5.65, 9.13579, 0.974108, 0.0234259, 0.294256
5.66, 9.14551, 0.970072, 0.0263751, 0.295537
5.67, 9.15519, 0.966097, 0.0293357, 0.296539
5.68, 9.16483, 0.962182, 0.0323049, 0.297261
5.69, 9.17443, 0.958325, 0.03528, 0.297705
5.7, 9.184, 0.954525, 0.0382581, 0.29787
5.71, 9.19352, 0.950782, 0.0412365, 0.297757
5.72, 9.20301, 0.947093, 0.0442123, 0.297368
5.73, 9.21246, 0.943458, 0.0471829, 0.296704
5.74, 9.22188, 0.939876, 0.0501455, 0.295766
5.75, 9.23126, 0.936345, 0.0530973, 0.294556
5.76, 9.24061, 0.932863, 0.0560357, 0.293077
5.77, 9.24992, 0.92943, 0.058958, 0.291329
5.78, 9.2592, 0.926044, 0.0618614, 0.289317
5.79, 9.26844, 0.922703, 0.0647435, 0.287043
5.8, 9.27765, 0.919406, 0.0676014, 0.284509
5.81, 9.28683, 0.916152, 0.0704328, 0.281719
5.82, 9.29597, 0.912938, 0.073235, 0.278676
5.83, 9.30509, 0.909764, 0.0760055, 0.275384
5.84, 9.31417, 0.906628, 0.0787418, 0.271847
5.85, 9.32322, 0.903528, 0.0814416, 0.268069
5.86, 9.33224, 0.900463, 0.0841024, 0.264054
5.87, 9.34123, 0.897431, 0.0867219, 0.259807
5.88, 9.35019, 0.894429, 0.0892978, 0.255331
5.89, 9.35912, 0.891458, 0.0918278, 0.250633
5.9, 9.36802, 0.888514, 0.0943097, 0.245716
5.91, 9.37689, 0.885597, 0.0967414, 0.240587
5.92, 9.38573, 0.882704, 0.0991208, 0.23525
5.93, 9.39454, 0.879834, 0.101446, 0.229711
5.94, 9.40333, 0.876986, 0.103714, 0.223975
5.95, 9.41208, 0.874157, 0.105925, 0.21805
5.96, 9.42081, 0.871345, 0.108075, 0.21194
5.97, 9.42951, 0.86855, 0.110163, 0.205651
5.98, 9.43818, 0.865769, 0.112187, 0.19919
5.99, 9.44683, 0.863002, 0.114146, 0.192564
6, 9.45544, 0.860245, 0.116038, 0.185778
6.01, 9.46403, 0.857497, 0.117861, 0.178839
6.02, 9.47259, 0.854758, 0.119614, 0.171755
6.03, 9.48113, 0.852024, 0.121296, 0.164532
6.04, 9.48963, 0.849296, 0.122904, 0.157176
6.05, 9.49811, 0.84657, 0.124439, 0.149695
6.06, 9.50656, 0.843845, 0.125898, 0.142097
6.07, 9.51499, 0.841121, 0.12728, 0.134387
6.08, 9.52339, 0.838394, 0.128585, 0.126574
6.09, 9.53176, 0.835665, 0.129812, 0.118664
6.1, 9.5401, 0.832931, 0.130958, 0.110666
6.11, 9.54841, 0.83019, 0.132025, 0.102586
6.12, 9.5567, 0.827442, 0.13301, 0.0944321
6.13, 9.56496, 0.824685, 0.133913, 0.0862117
6.14, 9.5732, 0.821918, 0.134734, 0.0779322
6.15, 9.5814, 0.819139, 0.135471, 0.0696013
6.16, 9.58958, 0.816346, 0.136126, 0.0612266
6.17, 9.59773, 0.81354, 0.136696, 0.0528156
6.18, 9.60585, 0.810717, 0.137182, 0.0443759
6.19, 9.61394, 0.807878, 0.137583, 0.0359151
6.2, 9.62201, 0.80502, 0.1379, 0.0274408
6.21, 9.63004, 0.802143, 0.138132, 0.0189606
6.22, 9.63805, 0.799245, 0.138279, 0.010482
6.23, 9.64603, 0.796326, 0.138342, 0.00201247
6.24, 9.65398, 0.793384, 0.13832, -0.00644041
6.25, 9.6619, 0.790418, 0.138213, -0.0148692
6.26, 9.66978, 0.787428, 0.138022, -0.0232666
6.27, 9.67764, 0.784411, 0.137748, -0.0316252
6.28, 9.68547, 0.781368, 0.13739, -0.0399376
6.29, 9.69327, 0.778298, 0.136949, -0.0481968
6.3, 9.70104, 0.775198, 0.136426, -0.0563955
6.31, 9.70878, 0.77207, 0.135822, -0.0645266
6.32, 9.71648, 0.768911, 0.135136, -0.0725832
6.33, 9.72415, 0.765721, 0.13437, -0.0805583
6.34, 9.73179, 0.762499, 0.133525, -0.0884452
6.35, 9.7394, 0.759245, 0.132602, -0.0962371
6.36, 9.74698, 0.755958, 0.131601, -0.103927
6.37, 9.75452, 0.752637, 0.130523, -0.11151
6.38, 9.76203, 0.749282, 0.129371, -0.118977
6.39, 9.76951, 0.745892, 0.128144, -0.126324
6.4, 9.77695, 0.742467, 0.126845, -0.133544
6.41, 9.78436, 0.739006, 0.125474, -0.140631
6.42, 9.79173, 0.735508, 0.124033, -0.14758
6.43, 9.79907, 0.731974, 0.122523, -0.154383
6.44, 9.80637, 0.728403, 0.120946, -0.161037
6.45, 9.81363, 0.724795, 0.119303, -0.167535
6.46, 9.82086, 0.721149, 0.117595, -0.173872
6.47, 9.82806, 0.717465, 0.115826, -0.180043
6.48, 9.83521, 0.713742, 0.113995, -0.186044
6.49, 9.84233, 0.709982, 0.112105, -0.191868
6.5, 9.84941, 0.706183, 0.110158, -0.197512
6.51, 9.85646, 0.702346, 0.108156, -0.202971
6.52, 9.86346, 0.698471, 0.1061, -0.208241
6.53, 9.87043, 0.694557, 0.103992, -0.213318
6.54, 9.87735, 0.690604, 0.101834, -0.218198
6.55, 9.88424, 0.686614, 0.0996283, -0.222876
6.56, 9.89108, 0.682585, 0.097377, -0.22735
6.57, 9.89789, 0.678518, 0.095082, -0.231617
6.58, 9.90465, 0.674413, 0.0927453, -0.235672
6.59, 9.91138, 0.670271, 0.0903692, -0.239514
6.6, 9.91806, 0.666091, 0.0879558, -0.243138
6.61, 9.9247, 0.661875, 0.0855072, -0.246544
6.62, 9.9313, 0.657622, 0.0830257, -0.249727
6.63, 9.93785, 0.653333, 0.0805134, -0.252688
6.64, 9.94436, 0.649009, 0.0779727, -0.255422
6.65, 9.95083, 0.644649, 0.0754057, -0.257929
6.66, 9.95726, 0.640255, 0.0728149, -0.260207
6.67, 9.96364, 0.635827, 0.0702024, -0.262255
6.68, 9.96997, 0.631365, 0.0675705, -0.264071
6.69, 9.97626, 0.626871, 0.0649217, -0.265655
6.7, 9.98251, 0.622345, 0.0622582, -0.267006
6.71, 9.98871, 0.617788, 0.0595824, -0.268124
6.72, 9.99487, 0.613201, 0.0568965, -0.269008
6.73, 10.001, 0.608584, 0.054203, -0.269658
6.74, 10.007, 0.603938, 0.0515041, -0.270075
6.75, 10.0131, 0.599265, 0.0488023, -0.270259
6.76, 10.019, 0.594565, 0.0460997, -0.27021
6.77, 10.0249, 0.589839, 0.0433988, -0.269929
6.78, 10.0308, 0.585088, 0.0407019, -0.269418
6.79, 10.0366, 0.580313, 0.0380113, -0.268677
6.8, 10.0424, 0.575516, 0.0353291, -0.267708
6.81, 10.0482, 0.570697, 0.0326579, -0.266512
6.82, 10.0538, 0.565858, 0.0299997, -0.265092
6.83, 10.0595, 0.560999, 0.0273568, -0.263449
6.84, 10.0651, 0.556123, 0.0247314, -0.261586
6.85, 10.0706, 0.551229, 0.0221258, -0.259504
6.86, 10.0761, 0.54632, 0.019542, -0.257208
6.87, 10.0815, 0.541397, 0.0169823, -0.254698
6.88, 10.0869, 0.536461, 0.0144488, -0.251979
6.89, 10.0923, 0.531513, 0.0119434, -0.249053
6.9, 10.0975, 0.526554, 0.00946838, -0.245925
6.91, 10.1028, 0.521587, 0.00702561, -0.242596
6.92, 10.108, 0.516611, 0.00461711, -0.239072
6.93, 10.1131, 0.51163, 0.00224482, -0.235355
6.94, 10.1182, 0.506644, -8.93624e-05, -0.23145
6.95, 10.1232, 0.501654, -0.00238357, -0.227361
6.96, 10.1282, 0.496662, -0.00463598, -0.223092
6.97, 10.1332, 0.49167, -0.00684483, -0.218649
6.98, 10.1381, 0.486678, -0.00900839, -0.214034
6.99, 10.1429, 0.481689, -0.011125, -0.209254
7, 10.1477, 0.476703, -0.0131929, -0.204312
7.01, 10.1524, 0.471722, -0.0152107, -0.199215
7.02, 10.1571, 0.466748, -0.0171767, -0.193966
7.03, 10.1618, 0.461782, -0.0190895, -0.188572
7.04, 10.1664, 0.456826, -0.0209477, -0.183038
7.05, 10.1709, 0.45188, -0.0227498, -0.177369
7.06, 10.1754, 0.446947, -0.0244946, -0.17157
7.07, 10.1799, 0.442028, -0.0261808, -0.165648
7.08, 10.1843, 0.437124, -0.0278072, -0.159609
7.09, 10.1886, 0.432236, -0.0293726, -0.153457
7.1, 10.1929, 0.427366, -0.030876, -0.1472
7.11, 10.1971, 0.422516, -0.0323163, -0.140842
7.12, 10.2013, 0.417687, -0.0336925, -0.13439
7.13, 10.2055, 0.41288, -0.0350038, -0.127851
7.14, 10.2096, 0.408096, -0.0362493, -0.12123
7.15, 10.2137, 0.403337, -0.0374281, -0.114534
7.16, 10.2177, 0.398604, -0.0385397, -0.107769
7.17, 10.2216, 0.393898, -0.0395833, -0.100941
7.18, 10.2256, 0.389222, -0.0405583, -0.0940566
7.19, 10.2294, 0.384575, -0.0414643, -0.0871224
7.2, 10.2332, 0.379959, -0.0423006, -0.0801448
7.21, 10.237, 0.375376, -0.043067, -0.0731301
7.22, 10.2408, 0.370826, -0.0437631, -0.0660847
7.23, 10.2444, 0.366311, -0.0443887, -0.0590153
7.24, 10.2481, 0.361831, -0.0449434, -0.0519281
7.25, 10.2517, 0.357389, -0.0454272, -0.0448297
7.26, 10.2552, 0.352985, -0.04584, -0.0377264
7.27, 10.2587, 0.348619, -0.0461817, -0.0306248
7.28, 10.2622, 0.344294, -0.0464525, -0.0235311
7.29, 10.2656, 0.34001, -0.0466524, -0.0164518
7.3, 10.269, 0.335768, -0.0467816, -0.00939322
7.31, 10.2723, 0.331568, -0.0468403, -0.00236158
7.32, 10.2756, 0.327413, -0.0468289, 0.00463686
7.33, 10.2789, 0.323302, -0.0467477, 0.0115959
7.34, 10.2821, 0.319237, -0.0465972, 0.0185094
7.35, 10.2853, 0.315218, -0.0463777, 0.0253713
7.36, 10.2884, 0.311246, -0.0460899, 0.0321756
7.37, 10.2915, 0.307322, -0.0457344, 0.0389164
7.38, 10.2945, 0.303447, -0.0453118, 0.0455878
7.39, 10.2976, 0.299621, -0.0448229, 0.052184
7.4, 10.3005, 0.295844, -0.0442684, 0.0586994
7.41, 10.3035, 0.292118, -0.0436492, 0.0651284
7.42, 10.3064, 0.288443, -0.0429662, 0.0714655
7.43, 10.3092, 0.28482, -0.0422202, 0.0777052
7.44, 10.3121, 0.281248, -0.0414124, 0.0838424
7.45, 10.3149, 0.277729, -0.0405437, 0.0898718
7.46, 10.3176, 0.274262, -0.0396153, 0.0957884
7.47, 10.3204, 0.270849, -0.0386284, 0.101587
7.48, 10.3231, 0.26749, -0.037584, 0.107263
7.49, 10.3257, 0.264184, -0.0364835, 0.112812
7.5, 10.3283, 0.260932, -0.0353282, 0.11823
7.51, 10.3309, 0.257735, -0.0341194, 0.123511
7.52, 10.3335, 0.254592, -0.0328585, 0.128651
7.53, 10.336, 0.251504, -0.0315468, 0.133647
7.54, 10.3385, 0.248471, -0.030186, 0.138494
7.55, 10.341, 0.245492, -0.0287775, 0.143188
7.56, 10.3434, 0.242569, -0.0273228, 0.147727
7.57, 10.3458, 0.2397, -0.0258235, 0.152105
7.58, 10.3482, 0.236886, -0.0242812, 0.156321
7.59, 10.3506, 0.234127, -0.0226976, 0.16037
7.6, 10.3529, 0.231422, -0.0210744, 0.164249
7.61, 10.3552, 0.228772, -0.0194132, 0.167956
7.62, 10.3575, 0.226176, -0.0177158, 0.171488
7.63, 10.3597, 0.223635, -0.015984, 0.174843
7.64, 10.362, 0.221146, -0.0142196, 0.178017
7.65, 10.3642, 0.218712, -0.0124243, 0.181009
7.66, 10.3663, 0.21633, -0.0106, 0.183817
7.67, 10.3685, 0.214001, -0.00874857, 0.186439
7.68, 10.3706, 0.211725, -0.00687186, 0.188872
7.69, 10.3727, 0.2095, -0.00497176, 0.191116
7.7, 10.3748, 0.207326, -0.00305017, 0.193169
7.71, 10.3769, 0.205204, -0.00110901, 0.195031
7.72, 10.3789, 0.203131, 0.000849797, 0.196699
7.73, 10.3809, 0.201108, 0.00282432, 0.198173
7.74, 10.3829, 0.199134, 0.00481262, 0.199453
7.75, 10.3849, 0.197209, 0.00681274, 0.200538
7.76, 10.3869, 0.195331, 0.00882274, 0.201428
7.77, 10.3888, 0.1935, 0.0108407, 0.202123
7.78, 10.3907, 0.191715, 0.0128645, 0.202622
7.79, 10.3926, 0.189975, 0.0148924, 0.202926
7.8, 10.3945, 0.18828, 0.0169224, 0.203036
7.81, 10.3964, 0.186629, 0.0189525, 0.202952
7.82, 10.3983, 0.18502, 0.0209808, 0.202675
7.83, 10.4001, 0.183453, 0.0230054, 0.202205
7.84, 10.4019, 0.181927, 0.0250243, 0.201544
7.85, 10.4038, 0.180442, 0.0270356, 0.200694
7.86, 10.4056, 0.178995, 0.0290375, 0.199655
7.87, 10.4073, 0.177586, 0.0310281, 0.198429
7.88, 10.4091, 0.176214, 0.0330055, 0.197018
7.89, 10.4109, 0.174878, 0.0349679, 0.195424
7.9, 10.4126, 0.173577, 0.0369134, 0.19365
7.91, 10.4143, 0.172309, 0.0388403, 0.191696
7.92, 10.416, 0.171075, 0.0407467, 0.189567
7.93, 10.4178, 0.169871, 0.042631, 0.187263
7.94, 10.4194, 0.168699, 0.0444914, 0.184789
7.95, 10.4211, 0.167555, 0.0463262, 0.182146
7.96, 10.4228, 0.16644, 0.0481338, 0.179338
7.97, 10.4245, 0.165351, 0.0499124, 0.176369
7.98, 10.4261, 0.164288, 0.0516606, 0.17324
7.99, 10.4277, 0.16325, 0.0533767, 0.169956
8, 10.4294, 0.162235, 0.0550592, 0.166521
8.01, 10.431, 0.161243, 0.0567067, 0.162937
8.02, 10.4326, 0.160271, 0.0583175, 0.159209
8.03, 10.4342, 0.159319, 0.0598904, 0.15534
8.04, 10.4358, 0.158385, 0.0614239, 0.151335
8.05, 10.4374, 0.157469, 0.0629166, 0.147197
8.06, 10.4389, 0.156569, 0.0643674, 0.142932
8.07, 10.4405, 0.155684, 0.0657748, 0.138542
8.08, 10.442, 0.154812, 0.0671378, 0.134033
8.09, 10.4436, 0.153953, 0.0684551, 0.129409
8.1, 10.4451, 0.153105, 0.0697256, 0.124675
8.11, 10.4466, 0.152267, 0.0709483, 0.119834
8.12, 10.4482, 0.151438, 0.072122, 0.114893
8.13, 10.4497, 0.150616, 0.0732458, 0.109856
8.14, 10.4512, 0.149801, 0.0743188, 0.104728
8.15, 10.4527, 0.148991, 0.0753401, 0.0995132
8.16, 10.4542, 0.148185, 0.0763088, 0.0942173
8.17, 10.4556, 0.147383, 0.0772242, 0.0888451
8.18, 10.4571, 0.146582, 0.0780855, 0.0834019
8.19, 10.4586, 0.145781, 0.078892, 0.0778928
8.2, 10.46, 0.144981, 0.0796431, 0.072323
8.21, 10.4615, 0.144178, 0.0803383, 0.0666976
8.22, 10.4629, 0.143374, 0.0809769, 0.0610221
8.23, 10.4643, 0.142565, 0.0815586, 0.0553017
8.24, 10.4658, 0.141752, 0.0820828, 0.0495417
8.25, 10.4672, 0.140933, 0.0825493, 0.0437475
8.26, 10.4686, 0.140107, 0.0829577, 0.0379243
8.27, 10.47, 0.139274, 0.0833077, 0.0320777
8.28, 10.4714, 0.138432, 0.0835992, 0.0262128
8.29, 10.4727, 0.13758, 0.0838319, 0.0203351
8.3, 10.4741, 0.136718, 0.0840058, 0.0144499
8.31, 10.4755, 0.135844, 0.0841209, 0.00856256
8.32, 10.4768, 0.134958, 0.0841771, 0.00267839
8.33, 10.4782, 0.134059, 0.0841745, -0.00319731
8.34, 10.4795, 0.133146, 0.0841132, -0.00905927
8.35, 10.4808, 0.132218, 0.0839934, -0.0149023
8.36, 10.4822, 0.131274, 0.0838152, -0.020721
8.37, 10.4835, 0.130314, 0.083579, -0.0265105
8.38, 10.4848, 0.129336, 0.0832851, -0.0322654
8.39, 10.4861, 0.128341, 0.0829339, -0.0379808
8.4, 10.4873, 0.127327, 0.0825257, -0.0436517
8.41, 10.4886, 0.126294, 0.082061, -0.0492729
8.42, 10.4899, 0.125242, 0.0815404, -0.0548398
8.43, 10.4911, 0.124169, 0.0809644, -0.0603473
8.44, 10.4923, 0.123075, 0.0803337, -0.0657907
8.45, 10.4936, 0.121959, 0.0796488, -0.0711654
8.46, 10.4948, 0.120822, 0.0789106, -0.0764668
8.47, 10.496, 0.119661, 0.0781197, -0.0816901
8.48, 10.4972, 0.118478, 0.0772771, -0.0868311
8.49, 10.4983, 0.117272, 0.0763834, -0.0918854
8.5, 10.4995, 0.116042, 0.0754397, -0.0968486
8.51, 10.5007, 0.114787, 0.0744468, -0.101717
8.52, 10.5018, 0.113508, 0.0734057, -0.106485
8.53, 10.5029, 0.112204, 0.0723174, -0.111151
8.54, 10.5041, 0.110876, 0.071183, -0.115709
8.55, 10.5052, 0.109522, 0.0700036, -0.120157
8.56, 10.5062, 0.108142, 0.0687803, -0.124489
8.57, 10.5073, 0.106736, 0.0675142, -0.128704
8.58, 10.5084, 0.105305, 0.0662066, -0.132797
8.59, 10.5094, 0.103848, 0.0648587, -0.136766
8.6, 10.5105, 0.102364, 0.0634717, -0.140606
8.61, 10.5115, 0.100855, 0.062047, -0.144315
8.62, 10.5125, 0.0993191, 0.0605858, -0.147891
8.63, 10.5135, 0.0977572, 0.0590896, -0.151329
8.64, 10.5144, 0.0961692, 0.0575597, -0.154628
8.65, 10.5154, 0.094555, 0.0559975, -0.157786
8.66, 10.5163, 0.0929149, 0.0544045, -0.160798
8.67, 10.5172, 0.091249, 0.052782, -0.163664
8.68, 10.5181, 0.0895573, 0.0511317, -0.166382
8.69, 10.519, 0.0878402, 0.0494549, -0.168949
8.7, 10.5199, 0.0860977, 0.0477532, -0.171363
8.71, 10.5208, 0.0843303, 0.0460282, -0.173623
8.72, 10.5216, 0.082538, 0.0442813, -0.175727
8.73, 10.5224, 0.0807214, 0.0425142, -0.177674
8.74, 10.5232, 0.0788806, 0.0407283, -0.179462
8.75, 10.524, 0.0770161, 0.0389254, -0.181091
8.76, 10.5247, 0.0751282, 0.0371071, -0.182559
8.77, 10.5255, 0.0732175, 0.0352748, -0.183867
8.78, 10.5262, 0.0712843, 0.0334303, -0.185012
8.79, 10.5269, 0.0693291, 0.0315751, -0.185994
8.8, 10.5276, 0.0673525, 0.0297109, -0.186814
8.81, 10.5283, 0.0653549, 0.0278394, -0.187471
8.82, 10.5289, 0.063337, 0.0259621, -0.187964
8.83, 10.5295, 0.0612993, 0.0240806, -0.188295
8.84, 10.5301, 0.0592424, 0.0221967, -0.188463
8.85, 10.5307, 0.057167, 0.0203119, -0.188468
8.86, 10.5313, 0.0550737, 0.0184279, -0.188311
8.87, 10.5318, 0.0529633, 0.0165462, -0.187993
8.88, 10.5323, 0.0508363, 0.0146686, -0.187515
8.89, 10.5328, 0.0486937, 0.0127965, -0.186877
8.9, 10.5333, 0.046536, 0.0109316, -0.18608
8.91, 10.5338, 0.0443641, 0.00907539, -0.185127
8.92, 10.5342, 0.0421787, 0.00722954, -0.184017
8.93, 10.5346, 0.0399807, 0.00539556, -0.182753
8.94, 10.535, 0.0377709, 0.00357498, -0.181337
8.95, 10.5354, 0.0355501, 0.00176933, -0.17977
8.96, 10.5357, 0.0333192, -1.99125e-05, -0.178053
8.97, 10.536, 0.031079, -0.00179125, -0.17619
8.98, 10.5363, 0.0288305, -0.00354323, -0.174182
8.99, 10.5366, 0.0265745, -0.00527442, -0.172032
9, 10.5369, 0.0243119, -0.0069834, -0.169741
9.01, 10.5371, 0.0220437, -0.00866878, -0.167313
9.02, 10.5373, 0.0197707, -0.0103292, -0.16475
9.03, 10.5375, 0.017494, -0.0119633, -0.162054
9.04, 10.5376, 0.0152145, -0.0135699, -0.159229
9.05, 10.5378, 0.0129331, -0.0151475, -0.156278
9.06, 10.5379, 0.0106508, -0.016695, -0.153204
9.07, 10.538, 0.00836847, -0.0182112, -0.15001
9.08, 10.5381, 0.0060872, -0.0196948, -0.146698
9.09, 10.5381, 0.00380792, -0.0211448, -0.143274
9.1, 10.5381, 0.00153159, -0.0225599, -0.139739
9.11, 10.5382, -0.000740798, -0.0239392, -0.136098
9.12, 10.5381, -0.00300828, -0.0252815, -0.132354
9.13, 10.5381, -0.00526988, -0.0265859, -0.128511
9.14, 10.538, -0.00752463, -0.0278514, -0.124572
9.15, 10.5379, -0.00977155, -0.0290771, -0.120542
9.16, 10.5378, -0.0120097, -0.030262, -0.116425
9.17, 10.5377, -0.0142381, -0.0314053, -0.112224
9.18, 10.5375, -0.0164558, -0.0325062, -0.107943
9.19, 10.5374, -0.0186618, -0.0335639, -0.103587
9.2, 10.5372, -0.0208553, -0.0345777, -0.0991604
9.21, 10.537, -0.0230352, -0.0355469, -0.0946663
9.22, 10.5367, -0.0252007, -0.0364708, -0.0901095
9.23, 10.5364, -0.0273508, -0.0373489, -0.0854942
9.24, 10.5362, -0.0294847, -0.0381805, -0.0808249
9.25, 10.5359, -0.0316014, -0.0389652, -0.0761058
9.26, 10.5355, -0.0337001, -0.0397025, -0.0713415
9.27, 10.5352, -0.0357799, -0.0403919, -0.0665362
9.28, 10.5348, -0.0378399, -0.0410331, -0.0616946
9.29, 10.5344, -0.0398794, -0.0416257, -0.056821
9.3, 10.534, -0.0418974, -0.0421694, -0.0519199
9.31, 10.5336, -0.0438932, -0.042664, -0.0469958
9.32, 10.5331, -0.0458661, -0.0431093, -0.0420532
9.33, 10.5327, -0.0478151, -0.043505, -0.0370967
9.34, 10.5322, -0.0497397, -0.0438512, -0.0321306
9.35, 10.5317, -0.0516389, -0.0441476, -0.0271595
9.36, 10.5312, -0.0535122, -0.0443944, -0.0221879
9.37, 10.5306, -0.0553588, -0.0445914, -0.0172203
9.38, 10.53, -0.0571781, -0.0447388, -0.012261
9.39, 10.5295, -0.0589693, -0.0448367, -0.00731446
9.4, 10.5289, -0.0607318, -0.0448852, -0.00238512
9.41, 10.5283, -0.0624651, -0.0448845, 0.00252267
9.42, 10.5276, -0.0641686, -0.0448348, 0.00740459
9.43, 10.527, -0.0658416, -0.0447365, 0.0122564
9.44, 10.5263, -0.0674836, -0.0445898, 0.0170737
9.45, 10.5256, -0.0690941, -0.0443951, 0.0218525
9.46, 10.5249, -0.0706726, -0.0441529, 0.0265885
9.47, 10.5242, -0.0722187, -0.0438635, 0.0312776
9.48, 10.5235, -0.0737317, -0.0435275, 0.0359159
9.49, 10.5227, -0.0752114, -0.0431454, 0.0404992
9.5, 10.522, -0.0766574, -0.0427177, 0.0450238
9.51, 10.5212, -0.0780691, -0.0422451, 0.0494857
9.52, 10.5204, -0.0794464, -0.0417282, 0.0538811
9.53, 10.5196, -0.0807888, -0.0411677, 0.0582064
9.54, 10.5188, -0.0820961, -0.0405643, 0.0624579
9.55, 10.518, -0.083368, -0.0399188, 0.0666321
9.56, 10.5171, -0.0846042, -0.039232, 0.0707254
9.57, 10.5163, -0.0858045, -0.0385046, 0.0747346
9.58, 10.5154, -0.0869687, -0.0377376, 0.0786562
9.59, 10.5145, -0.0880966, -0.0369318, 0.082487
9.6, 10.5136, -0.0891881, -0.0360881, 0.0862241
9.61, 10.5128, -0.0902431, -0.0352076, 0.0898642
9.62, 10.5118, -0.0912614, -0.0342912, 0.0934046
9.63, 10.5109, -0.0922431, -0.0333399, 0.0968423
9.64, 10.51, -0.093188, -0.0323547, 0.100175
9.65, 10.5091, -0.0940962, -0.0313367, 0.103399
9.66, 10.5081, -0.0949676, -0.0302871, 0.106513
9.67, 10.5072, -0.0958024, -0.0292068, 0.109514
9.68, 10.5062, -0.0966005, -0.0280972, 0.1124
9.69, 10.5052, -0.0973622, -0.0269592, 0.115168
9.7, 10.5043, -0.0980874, -0.0257942, 0.117817
9.71, 10.5033, -0.0987763, -0.0246033, 0.120344
9.72, 10.5023, -0.0994292, -0.0233877, 0.122749
9.73, 10.5013, -0.100046, -0.0221487, 0.125028
9.74, 10.5003, -0.100628, -0.0208876, 0.127181
9.75, 10.4993, -0.101173, -0.0196056, 0.129205
9.76, 10.4983, -0.101684, -0.0183039, 0.131101
9.77, 10.4972, -0.10216, -0.016984, 0.132865
9.78, 10.4962, -0.102602, -0.0156471, 0.134498
9.79, 10.4952, -0.103009, -0.0142945, 0.135998
9.8, 10.4942, -0.103383, -0.0129275, 0.137364
9.81, 10.4931, -0.103723, -0.0115476, 0.138596
9.82, 10.4921, -0.10403, -0.0101561, 0.139693
9.83, 10.491, -0.104305, -0.00875423, 0.140654
9.84, 10.49, -0.104547, -0.00734345, 0.141479
9.85, 10.4889, -0.104758, -0.0059251, 0.142169
9.86, 10.4879, -0.104939, -0.00450053, 0.142722
9.87, 10.4868, -0.105088, -0.00307112, 0.143138
9.88, 10.4858, -0.105208, -0.00163822, 0.143419
9.89, 10.4847, -0.105298, -0.000203204, 0.143563
9.9, 10.4837, -0.10536, 0.00123258, 0.143572
9.91, 10.4826, -0.105393, 0.00266778, 0.143446
9.92, 10.4816, -0.105399, 0.00410104, 0.143185
9.93, 10.4805, -0.105378, 0.00553103, 0.14279
9.94, 10.4795, -0.10533, 0.00695641, 0.142263
9.95, 10.4784, -0.105258, 0.00837585, 0.141603
9.96, 10.4774, -0.10516, 0.00978804, 0.140813
9.97, 10.4763, -0.105038, 0.0111917, 0.139893
9.98, 10.4753, -0.104893, 0.0125855, 0.138844
9.99, 10.4742, -0.104725, 0.0139681, 0.137669
10, 10.4732, -0.104536, 0.0153384, 0.136368
